500
17
1 2 3 4
A T C G
-310.407648321431
1
3
1
4
1
4
4
2
2
4
3
4
2
3
2
4
2
-361.726955266258
1
1
1
1
1
1
1
1
1
1
1
1
1
1
1
1
1
-308.084102576631
1
2
1
2
1
2
1
2
1
2
1
2
1
2
1
2
1
-305.551979474297
1
3
1
3
1
3
1
3
1
3
1
3
1
3
1
3
1
-375.33864571242
1
4
1
4
1
4
1
4
1
4
1
4
1
4
1
4
1
-315.112458047009
2
1
2
1
2
1
2
1
2
1
2
1
2
1
2
1
2
-304.319410254912
2
2
2
2
2
2
2
2
2
2
2
2
2
2
2
2
2
-271.508567194023
2
3
2
3
2
3
2
3
2
3
2
3
2
3
2
3
2
-335.444302836804
2
4
2
4
2
4
2
4
2
4
2
4
2
4
2
4
2
-334.473583712573
3
1
3
1
3
1
3
1
3
1
3
1
3
1
3
1
3
-263.117269465828
3
2
3
2
3
2
3
2
3
2
3
2
3
2
3
2
3
-290.433634778987
3
3
3
3
3
3
3
3
3
3
3
3
3
3
3
3
3
-348.149828433698
3
4
3
4
3
4
3
4
3
4
3
4
3
4
3
4
3
-366.623765817487
4
1
4
1
4
1
4
1
4
1
4
1
4
1
4
1
4
-297.938386651634
4
2
4
2
4
2
4
2
4
2
4
2
4
2
4
2
4
-298.853377123169
4
3
4
3
4
3
4
3
4
3
4
3
4
3
4
3
4
-379.285820761628
4
4
4
4
4
4
4
4
4
4
4
4
4
4
4
4
4
-313.690981406062
1
1
2
1
1
2
1
1
2
1
1
2
1
1
2
1
1
-352.252495562454
1
1
3
1
1
3
1
1
3
1
1
3
1
1
3
1
1
-363.366841564483
1
1
4
1
1
4
1
1
4
1
1
4
1
1
4
1
1
-321.216338406779
1
2
1
1
2
1
1
2
1
1
2
1
1
2
1
1
2
-333.825697239495
1
2
2
1
2
2
1
2
2
1
2
2
1
2
2
1
2
-302.422659031555
1
2
3
1
2
3
1
2
3
1
2
3
1
2
3
1
2
-374.022686297351
1
2
4
1
2
4
1
2
4
1
2
4
1
2
4
1
2
-358.656526143099
1
3
1
1
3
1
1
3
1
1
3
1
1
3
1
1
3
-347.705607287288
1
3
2
1
3
2
1
3
2
1
3
2
1
3
2
1
3
-302.811038957939
1
3
3
1
3
3
1
3
3
1
3
3
1
3
3
1
3
-344.884740702891
1
3
4
1
3
4
1
3
4
1
3
4
1
3
4
1
3
-380.833485798112
1
4
1
1
4
1
1
4
1
1
4
1
1
4
1
1
4
-336.146920894416
1
4
2
1
4
2
1
4
2
1
4
2
1
4
2
1
4
-316.188778689844
1
4
3
1
4
3
1
4
3
1
4
3
1
4
3
1
4
-369.268157363237
1
4
4
1
4
4
1
4
4
1
4
4
1
4
4
1
4
-337.447354476035
2
1
1
2
1
1
2
1
1
2
1
1
2
1
1
2
1
-321.954375321925
2
1
2
2
1
2
2
1
2
2
1
2
2
1
2
2
1
-308.311553146175
2
1
3
2
1
3
2
1
3
2
1
3
2
1
3
2
1
-340.016925579257
2
1
4
2
1
4
2
1
4
2
1
4
2
1
4
2
1
-295.667599752045
2
2
1
2
2
1
2
2
1
2
2
1
2
2
1
2
2
-296.150675911286
2
2
3
2
2
3
2
2
3
2
2
3
2
2
3
2
2
-317.321564517539
2
2
4
2
2
4
2
2
4
2
2
4
2
2
4
2
2
-326.802336002448
2
3
1
2
3
1
2
3
1
2
3
1
2
3
1
2
3
-308.416944555332
2
3
2
2
3
2
2
3
2
2
3
2
2
3
2
2
3
-248.907276020506
2
3
3
2
3
3
2
3
3
2
3
3
2
3
3
2
3
-321.434759192586
2
3
4
2
3
4
2
3
4
2
3
4
2
3
4
2
3
-298.99531128762
2
4
1
2
4
1
2
4
1
2
4
1
2
4
1
2
4
-316.005469991058
2
4
2
2
4
2
2
4
2
2
4
2
2
4
2
2
4
-314.543906057855
2
4
3
2
4
3
2
4
3
2
4
3
2
4
3
2
4
-345.214370912383
2
4
4
2
4
4
2
4
4
2
4
4
2
4
4
2
4
-357.487606017339
3
1
1
3
1
1
3
1
1
3
1
1
3
1
1
3
1
-302.948533876391
3
1
2
3
1
2
3
1
2
3
1
2
3
1
2
3
1
-327.091501167887
3
1
3
3
1
3
3
1
3
3
1
3
3
1
3
3
1
-310.348007911947
3
1
4
3
1
4
3
1
4
3
1
4
3
1
4
3
1
-333.887352904666
3
2
1
3
2
1
3
2
1
3
2
1
3
2
1
3
2
-265.624877645971
3
2
2
3
2
2
3
2
2
3
2
2
3
2
2
3
2
-288.828505129483
3
2
3
3
2
3
3
2
3
3
2
3
3
2
3
3
2
-360.829342867232
3
2
4
3
2
4
3
2
4
3
2
4
3
2
4
3
2
-270.446458888995
3
3
1
3
3
1
3
3
1
3
3
1
3
3
1
3
3
-251.90431828913
3
3
2
3
3
2
3
3
2
3
3
2
3
3
2
3
3
-305.880819543984
3
3
4
3
3
4
3
3
4
3
3
4
3
3
4
3
3
-333.627523746351
3
4
1
3
4
1
3
4
1
3
4
1
3
4
1
3
4
-320.349981550135
3
4
2
3
4
2
3
4
2
3
4
2
3
4
2
3
4
-311.987571201551
3
4
3
3
4
3
3
4
3
3
4
3
3
4
3
3
4
-332.089215124726
3
4
4
3
4
4
3
4
4
3
4
4
3
4
4
3
4
-350.883040724535
4
1
1
4
1
1
4
1
1
4
1
1
4
1
1
4
1
-320.141569370463
4
1
2
4
1
2
4
1
2
4
1
2
4
1
2
4
1
-317.184064736233
4
1
3
4
1
3
4
1
3
4
1
3
4
1
3
4
1
-368.935710112181
4
1
4
4
1
4
4
1
4
4
1
4
4
1
4
4
1
-342.150544556633
4
2
1
4
2
1
4
2
1
4
2
1
4
2
1
4
2
-310.648320737791
4
2
2
4
2
2
4
2
2
4
2
2
4
2
2
4
2
-290.968437814371
4
2
3
4
2
3
4
2
3
4
2
3
4
2
3
4
2
-332.212638292448
4
2
4
4
2
4
4
2
4
4
2
4
4
2
4
4
2
-355.292244526687
4
3
1
4
3
1
4
3
1
4
3
1
4
3
1
4
3
-297.400735495425
4
3
2
4
3
2
4
3
2
4
3
2
4
3
2
4
3
-318.30283093233
4
3
3
4
3
3
4
3
3
4
3
3
4
3
3
4
3
-319.512638879026
4
3
4
4
3
4
4
3
4
4
3
4
4
3
4
4
3
-362.285431103328
4
4
1
4
4
1
4
4
1
4
4
1
4
4
1
4
4
-343.803332587724
4
4
2
4
4
2
4
4
2
4
4
2
4
4
2
4
4
-351.294613730538
4
4
3
4
4
3
4
4
3
4
4
3
4
4
3
4
4
-343.462130154438
1
1
1
2
1
1
1
2
1
1
1
2
1
1
1
2
1
-349.120657970045
1
1
1
3
1
1
1
3
1
1
1
3
1
1
1
3
1
-396.755163288876
1
1
1
4
1
1
1
4
1
1
1
4
1
1
1
4
1
-351.594737134929
1
1
2
1
1
1
2
1
1
1
2
1
1
1
2
1
1
-337.463994675472
1
1
2
2
1
1
2
2
1
1
2
2
1
1
2
2
1
-357.665261165107
1
1
2
3
1
1
2
3
1
1
2
3
1
1
2
3
1
-358.61207507582
1
1
2
4
1
1
2
4
1
1
2
4
1
1
2
4
1
-364.955220740114
1
1
3
1
1
1
3
1
1
1
3
1
1
1
3
1
1
-342.260454079536
1
1
3
2
1
1
3
2
1
1
3
2
1
1
3
2
1
-334.101946150089
1
1
3
3
1
1
3
3
1
1
3
3
1
1
3
3
1
-338.875547933995
1
1
3
4
1
1
3
4
1
1
3
4
1
1
3
4
1
-340.680259276883
1
1
4
1
1
1
4
1
1
1
4
1
1
1
4
1
1
-313.909423843997
1
1
4
2
1
1
4
2
1
1
4
2
1
1
4
2
1
-340.063379202897
1
1
4
3
1
1
4
3
1
1
4
3
1
1
4
3
1
-362.820928686583
1
1
4
4
1
1
4
4
1
1
4
4
1
1
4
4
1
-325.002950365466
1
2
1
1
1
2
1
1
1
2
1
1
1
2
1
1
1
-308.084102576631
1
2
1
2
1
2
1
2
1
2
1
2
1
2
1
2
1
-320.432959237219
1
2
1
3
1
2
1
3
1
2
1
3
1
2
1
3
1
-348.023416787297
1
2
1
4
1
2
1
4
1
2
1
4
1
2
1
4
1
-331.879947034995
1
2
2
1
1
2
2
1
1
2
2
1
1
2
2
1
1
-299.421303238048
1
2
2
2
1
2
2
2
1
2
2
2
1
2
2
2
1
-296.149355801396
1
2
2
3
1
2
2
3
1
2
2
3
1
2
2
3
1
-338.769405011407
1
2
2
4
1
2
2
4
1
2
2
4
1
2
2
4
1
-353.324971500967
4
4
3
2
4
2
3
4
1
4
3
4
2
1
3
1
4
-325.850037582215
2
1
3
4
4
1
2
1
1
3
4
3
4
1
2
1
4
-338.231581602097
3
3
2
3
2
2
3
4
4
4
2
3
4
4
4
2
4
-392.701057760948
1
1
4
2
1
1
3
3
1
1
2
1
1
3
4
2
4
-324.259794390468
4
1
1
4
1
2
1
3
4
3
2
4
4
3
1
3
4
-367.368615817127
4
3
4
3
4
4
4
1
1
4
3
3
4
3
1
4
3
-307.441929977141
2
4
3
2
4
2
4
3
1
4
3
1
4
3
4
2
3
-289.867507626907
4
2
1
2
4
1
3
2
1
3
4
2
3
3
4
1
3
-350.353134893514
3
1
4
2
1
4
3
1
4
3
4
1
3
4
4
2
2
-323.728437427503
4
4
4
2
1
1
4
3
4
2
2
3
4
4
2
1
1
-313.616085085306
2
2
1
1
2
3
3
2
3
3
1
2
1
4
1
3
3
-363.009854756256
2
3
3
3
4
1
1
4
4
1
2
4
3
2
4
4
2
-305.119412509035
1
4
3
4
3
1
4
4
1
3
1
3
1
2
1
4
4
-338.947529804668
3
3
2
3
4
1
4
4
4
4
2
1
1
3
1
4
1
-303.234291046868
2
2
4
4
3
2
3
4
2
2
4
2
2
2
1
3
2
-332.345629041509
1
1
4
4
1
2
1
2
3
1
4
4
3
2
1
2
1
-294.006654622105
3
4
2
3
3
3
2
1
3
3
4
1
3
2
3
4
2
-345.130395593799
1
2
4
1
4
1
1
4
1
1
4
1
2
4
2
3
2
-314.327865280759
3
2
1
1
3
2
2
1
3
1
3
1
3
3
4
4
4
-302.148662025821
3
3
1
1
2
2
4
3
2
2
2
3
3
3
3
1
2
-339.622712891809
2
2
1
2
4
1
4
3
3
3
1
4
3
1
4
4
4
-336.592871616919
3
1
3
2
2
1
4
4
4
3
3
2
4
2
2
1
1
-333.496186769268
4
1
2
3
2
4
2
1
3
1
4
3
2
2
1
2
3
-342.588507704578
2
2
1
2
1
4
3
4
4
2
1
4
2
1
1
2
4
-363.683398977735
4
4
4
3
4
4
3
1
4
2
1
1
1
1
3
4
2
-320.507161530015
3
1
3
2
2
4
1
2
2
4
4
1
1
2
4
3
1
-324.185908190136
2
4
4
1
3
2
4
2
1
1
1
2
3
4
1
3
4
-322.561848582374
2
2
3
4
2
2
2
1
3
3
2
4
2
3
1
4
3
-307.719291922049
3
3
2
4
3
1
3
4
2
3
2
4
3
2
4
1
2
-328.600870328584
4
2
1
4
3
2
2
4
1
4
2
1
3
2
4
3
4
-315.238919183809
1
1
4
2
2
4
2
2
3
3
2
1
3
3
3
3
3
-317.944319344216
2
4
1
3
1
1
2
4
4
2
4
1
3
4
3
3
4
-354.071031140255
1
4
4
1
1
4
3
3
4
2
4
4
4
2
3
1
3
-341.52105
1
2
2
3
2
1
2
1
3
4
3
3
1
3
1
4
4
-299.216311690438
3
1
1
2
3
1
1
3
2
4
3
2
2
1
2
1
1
-299.366065214047
3
2
3
1
1
3
4
1
2
4
1
1
3
2
4
3
2
-314.528848538773
1
2
2
2
2
2
4
2
3
2
2
4
4
1
3
4
4
-337.783328728754
2
1
3
4
4
1
4
1
3
2
2
1
3
1
3
4
1
-340.566027658231
2
3
3
3
3
1
2
1
2
4
4
1
2
1
2
4
1
-341.712679339241
4
4
4
1
3
3
3
1
4
1
1
3
1
2
3
1
2
-328.393887452605
1
3
2
1
1
2
2
4
4
1
1
4
3
3
3
1
3
-356.460886226584
1
1
1
3
4
4
1
1
1
1
1
4
1
3
4
2
2
-318.932807253925
3
4
1
1
4
2
4
1
2
2
2
3
1
1
3
3
2
-331.96164233493
3
3
4
2
2
2
1
1
4
4
1
3
4
1
1
3
2
-337.103085774944
3
4
2
3
4
4
3
3
1
4
3
3
4
1
4
1
1
-311.041493057766
1
4
3
1
3
2
2
2
1
1
1
2
1
3
1
1
2
-339.266844969915
1
1
2
1
1
2
1
1
2
3
3
4
1
4
4
3
4
-329.901913241195
4
3
3
2
2
4
1
4
2
4
3
3
3
4
1
4
1
-322.589560029128
4
3
3
4
3
1
4
4
3
3
2
3
4
2
1
3
3
-321.232683438914
3
1
1
1
1
2
2
4
2
2
1
2
2
4
3
2
1
-314.561756214052
3
4
3
1
4
4
2
3
4
1
1
2
4
2
3
2
2
-329.199114743465
2
1
4
2
2
2
2
1
4
2
2
1
2
1
3
2
2
-340.093810737633
1
3
3
1
4
1
2
1
2
1
3
3
1
1
3
3
3
-311.603947280464
3
3
2
3
2
3
4
4
4
1
4
3
3
3
2
3
2
-361.587989444313
3
1
4
2
2
2
3
1
4
4
1
4
1
4
1
1
1
-323.582130141366
1
1
2
3
3
3
2
1
2
4
2
2
2
1
2
3
3
-348.24501857661
4
3
1
3
1
4
4
2
4
1
2
1
4
2
2
4
3
-327.373915825095
2
2
3
4
2
4
4
1
1
1
4
3
3
4
4
3
3
-336.501652823888
3
4
1
4
2
3
4
1
4
3
3
2
1
4
1
2
3
-295.990769345561
4
1
3
3
4
3
2
1
4
1
4
3
4
3
2
3
3
-336.180835558159
3
3
2
1
1
4
3
2
3
4
4
4
4
3
3
3
1
-348.289688995213
3
1
2
3
4
1
4
4
3
1
3
1
1
4
2
3
2
-348.268484385922
1
4
4
4
4
4
1
3
4
4
3
2
2
4
1
3
1
-335.147387007632
4
4
4
3
2
4
3
1
3
3
2
4
2
1
2
1
3
-361.933448127507
3
1
3
1
2
1
2
2
4
1
3
2
4
1
1
2
1
-323.003732198162
4
1
4
2
3
4
1
1
2
2
2
1
1
2
1
2
1
-307.531769506866
1
4
3
1
4
1
3
1
3
1
3
2
2
3
2
2
2
-307.808269154869
4
2
4
2
1
1
2
3
1
2
2
4
4
3
4
2
2
-312.998923431265
4
4
3
2
1
4
1
4
1
3
3
3
2
2
1
1
2
-365.301796429042
4
4
3
1
4
1
2
1
4
3
3
4
2
3
3
2
1
-317.188908779955
3
1
4
1
4
2
2
1
4
1
3
2
2
3
1
3
2
-317.927449661527
3
4
2
3
1
2
3
2
1
4
4
1
1
1
2
3
3
-337.801205873935
2
3
1
1
3
4
3
4
4
4
2
3
1
1
2
4
4
-299.509308829867
3
3
2
4
2
3
3
3
3
2
2
1
3
1
2
4
1
-313.786324211968
1
1
3
3
2
3
3
3
3
1
3
4
3
2
1
3
4
-326.366732688687
2
3
2
4
1
3
3
4
1
3
4
2
4
3
3
3
4
-331.267234876768
4
3
2
1
1
2
3
2
1
2
4
1
2
3
4
3
4
-313.31466872201
1
1
4
1
1
3
4
1
2
2
1
4
2
3
4
3
2
-318.743076353981
4
3
1
3
1
3
4
1
2
2
3
4
4
1
4
1
2
-329.64959385173
4
3
1
2
3
2
1
3
1
3
4
4
1
1
2
4
4
-323.099649952
2
4
4
3
4
3
1
2
2
1
1
1
1
3
2
4
3
-326.314702283929
2
4
2
1
4
2
1
1
4
1
4
2
1
3
4
2
3
-332.791002844572
4
1
4
4
2
4
2
2
2
4
3
1
1
4
2
2
2
-301.420328679628
2
2
1
1
4
2
2
4
3
4
3
3
4
3
3
2
4
-333.705252715635
3
1
2
4
2
1
2
1
1
4
1
4
4
4
4
2
2
-347.134418331979
4
1
2
1
3
3
3
3
4
4
4
3
4
1
3
1
4
-349.093887402938
4
3
4
4
3
1
4
3
2
1
1
1
1
4
4
3
3
-346.324669227419
4
4
4
4
3
4
3
4
3
3
2
4
4
4
2
1
2
-316.39547844621
1
3
2
3
1
4
4
3
2
2
2
3
4
2
3
2
2
-297.112313915458
3
3
3
3
4
1
1
3
2
3
3
4
2
2
2
2
4
-296.825436869843
1
4
3
4
3
4
4
4
2
4
3
4
1
3
1
4
4
-348.484090491934
4
2
3
3
4
1
2
2
1
4
4
1
1
2
4
2
1
-355.096759722972
1
3
4
2
1
4
4
4
3
2
2
1
4
3
4
4
1
-321.23194214127
3
3
4
1
2
3
1
4
4
3
3
3
3
4
1
4
3
-342.682554547573
3
2
4
3
3
3
2
1
1
4
3
1
2
3
2
1
3
-322.780202705197
2
4
4
4
3
4
1
4
1
3
1
1
3
3
3
4
3
-297.991819773701
4
4
1
3
3
3
3
3
4
2
1
4
3
4
2
3
2
-299.568624833018
2
3
1
2
3
2
2
3
2
2
2
1
3
4
1
2
1
-308.400888440428
2
4
3
3
4
4
4
3
2
1
3
2
2
1
4
2
4
-355.616924745316
1
2
1
1
2
4
1
2
1
2
1
4
4
1
3
4
1
-306.998897226042
4
3
2
1
3
1
3
1
1
3
2
3
3
4
4
1
3
-317.402513437672
4
1
3
4
2
3
3
4
4
3
4
1
3
1
4
3
3
-318.344168985551
3
4
4
3
1
3
2
2
4
4
2
4
4
3
2
4
2
-349.420087108214
2
1
1
1
3
2
4
3
1
2
3
2
1
4
2
4
1
-330.82055047493
1
3
1
1
2
1
4
1
2
3
3
1
1
3
2
3
4
-321.84966946158
2
2
3
3
2
4
1
2
1
3
4
4
3
3
1
1
3
-345.218790699718
4
4
4
4
1
4
1
1
4
2
3
3
4
1
3
1
3
-325.006233513893
2
4
2
3
2
4
4
1
1
4
3
2
4
1
4
1
3
-333.156475362179
3
2
2
3
1
4
4
1
1
3
4
1
4
1
3
1
1
-337.119805011911
2
3
4
1
3
1
3
4
2
4
2
2
1
3
4
4
4
-335.608353963607
3
3
4
4
2
1
1
2
2
2
3
2
1
4
4
2
3
-308.079518905621
4
2
1
4
3
2
2
3
2
3
3
3
4
1
1
4
2
-326.553911195833
1
4
1
4
3
4
3
1
4
1
3
2
4
3
2
4
1
-306.276135199884
4
1
2
3
3
3
3
4
1
2
3
1
2
4
4
4
3
-322.809147101571
4
2
4
4
1
3
3
1
3
3
1
2
4
4
4
2
4
-331.798878350594
1
4
2
3
4
4
1
2
2
4
3
2
3
1
2
4
2
-334.782190217125
3
2
4
2
4
3
1
3
1
3
2
1
1
1
4
4
3
-339.715814026337
2
1
3
4
1
4
3
2
4
4
2
1
4
1
2
4
3
-339.28441933809
2
3
4
3
4
4
2
3
4
2
1
3
1
4
4
4
4
-364.50635484418
4
2
1
3
4
3
1
1
1
4
1
2
1
4
1
1
3
-333.43882442272
1
4
3
3
3
4
1
3
3
2
3
2
2
1
4
4
4
-306.229887836214
4
3
3
3
3
4
2
3
4
2
1
3
4
4
4
1
3
-297.523508
4
3
1
3
3
4
2
2
3
3
1
4
1
1
2
1
4
-299.69573094997
2
3
3
2
2
2
2
1
3
3
1
3
4
2
3
1
3
-319.864656522285
2
4
1
3
2
2
1
1
2
2
4
2
2
1
1
4
4
-299.047401282498
1
1
2
2
3
3
3
4
3
3
2
2
1
1
2
2
1
-307.130236552856
2
3
3
4
2
3
4
3
2
1
1
1
3
3
3
2
3
-341.010473441326
4
4
1
4
2
4
4
4
2
2
1
3
3
2
4
3
2
-339.457900398867
1
2
2
3
1
4
2
3
4
1
1
3
4
3
4
3
1
-281.01343858039
3
2
2
4
3
2
2
2
3
4
4
2
2
1
3
4
3
-312.924165043435
1
3
1
2
4
3
3
4
4
4
3
4
2
1
3
3
3
-340.855714030866
1
1
4
4
1
1
1
3
3
2
1
4
3
4
3
3
4
-301.34660605374
2
3
3
1
3
3
2
2
3
2
4
1
4
3
3
4
4
-304.266575885693
4
2
2
4
3
1
1
2
2
3
2
4
3
2
3
2
2
-317.388865142899
2
4
3
3
1
1
3
2
4
2
4
2
3
3
4
1
3
-311.943948792923
1
3
2
3
3
3
1
3
2
1
1
4
4
4
3
3
4
-318.873080806654
3
3
2
1
4
3
4
4
2
3
4
4
4
1
1
4
3
-313.411761463659
2
2
3
4
2
3
4
3
4
4
4
1
3
1
2
1
2
-294.807178242724
2
2
3
2
3
3
1
3
3
4
2
2
1
3
4
3
3
-346.570442650486
2
3
1
4
2
4
3
3
1
2
1
1
2
4
4
1
2
-293.330778205153
3
2
2
2
1
2
4
4
3
2
4
2
2
1
2
3
2
-340.064754694708
2
2
3
1
2
3
1
3
2
4
3
4
4
2
4
4
3
-344.483375406512
3
1
3
2
4
3
1
4
2
4
3
4
2
4
1
1
1
-318.831246530393
4
3
2
1
3
4
2
1
3
3
4
3
1
2
4
2
1
-337.484347509622
4
3
2
4
2
4
2
3
4
2
3
1
1
4
4
2
1
-294.36011050632
3
1
2
3
1
2
3
3
3
3
2
2
3
4
2
2
2
-334.126455201813
4
3
3
1
1
2
2
3
4
4
1
4
3
2
1
1
1
-331.202345891106
1
2
3
1
2
1
4
4
4
4
3
2
2
1
2
3
1
-329.882139525003
1
3
4
1
1
4
4
3
1
2
4
1
3
3
1
4
3
-321.404699149296
2
1
3
2
4
2
4
1
3
2
3
4
3
1
1
4
4
-355.462307400744
4
3
2
3
1
4
3
3
2
4
2
4
1
2
1
1
4
-301.917907331099
1
2
2
3
3
3
2
3
2
2
2
1
2
2
2
3
3
-312.772045603939
3
1
2
2
2
4
2
1
1
2
2
4
3
3
3
2
3
-314.041563174911
3
4
3
2
3
1
4
3
1
2
3
2
1
1
3
4
3
-333.536109544944
1
3
2
3
2
3
2
4
4
4
2
1
3
1
2
1
4
-288.564711238246
2
2
4
2
2
4
4
2
2
3
1
3
4
4
2
3
1
-312.790146169331
1
3
3
3
3
1
2
2
2
4
1
2
1
3
3
4
2
-317.101580481089
2
1
2
4
2
3
4
1
4
2
4
3
3
1
1
2
1
-325.322865241235
1
1
2
3
3
3
2
2
2
2
1
2
3
2
1
1
1
-372.93713653973
4
1
4
2
1
2
4
2
2
4
3
4
4
1
4
1
3
-346.248043706278
4
1
1
4
3
4
1
3
4
3
4
4
1
1
1
2
4
-312.814853509528
2
4
1
1
2
2
2
1
1
2
1
2
1
4
1
4
3
-368.236237530004
3
1
1
2
2
4
1
4
1
2
4
4
1
4
4
4
1
-283.097963755787
3
1
3
3
2
4
2
3
3
2
4
2
3
3
1
2
3
-290.011337929229
3
1
3
2
2
1
3
3
1
1
1
2
2
3
2
4
3
-314.88420274361
2
1
2
4
4
3
4
4
2
3
3
4
1
4
1
2
2
-310.43311614073
3
4
3
1
3
3
3
2
1
1
1
3
3
4
2
2
4
-319.265993806669
2
2
1
4
2
3
4
4
2
3
2
1
2
3
3
2
2
-342.234594554427
4
3
4
4
1
3
2
4
2
4
3
2
2
2
2
3
2
-280.801993551312
4
4
1
2
3
1
3
3
2
2
3
2
2
2
3
3
1
-296.945662675977
2
1
4
3
2
2
2
3
2
3
4
1
2
1
1
2
4
-322.624721289647
2
2
4
3
2
2
1
2
3
2
2
4
2
4
4
4
4
-336.188512877403
1
4
3
2
1
4
3
1
2
1
4
3
2
4
3
3
3
-354.181755287582
1
2
2
1
3
3
4
3
4
1
3
1
2
1
1
4
2
-334.045568914441
1
1
3
1
3
2
3
2
4
4
2
1
2
3
1
2
1
-346.343987244804
4
3
2
4
4
4
4
4
2
4
2
3
1
2
1
3
1
-318.973226053693
2
3
2
2
4
1
3
3
1
2
3
2
1
3
1
2
1
-314.990288763803
4
4
3
2
3
1
2
4
2
4
4
2
3
4
1
1
4
-343.162620889563
4
3
2
4
1
4
4
4
3
3
3
4
2
2
4
1
3
-329.355615559618
2
2
1
1
2
3
2
4
2
2
2
4
4
2
1
3
3
-295.685169907168
1
1
4
2
4
4
2
4
2
3
2
3
4
4
2
1
1
-333.499219691494
3
2
1
1
4
3
2
4
4
3
2
2
1
3
1
3
3
-311.607031695575
1
2
1
4
2
2
3
3
3
2
4
3
4
3
3
1
4
-325.631720497542
1
2
2
1
4
2
2
1
4
3
4
3
2
4
1
4
4
-349.724758274083
4
1
4
2
1
3
4
4
1
4
1
1
4
4
2
4
3
-341.98989718862
2
4
2
4
4
4
4
2
4
2
2
1
2
4
1
1
3
-320.53735
3
1
4
3
1
1
4
4
1
4
2
2
3
2
1
2
2
-314.952066585635
4
3
3
4
1
2
2
2
4
4
4
4
2
3
1
1
1
-330.540608710376
2
3
2
2
4
4
2
1
1
2
1
1
2
3
1
4
4
-361.116951616087
4
1
4
1
1
4
1
3
3
2
1
2
3
1
1
3
3
-330.662828392514
1
3
4
1
1
1
3
2
3
2
4
3
2
2
3
1
4
-305.33412559115
2
4
3
4
3
1
4
2
1
3
2
2
4
1
1
2
2
-309.331977570378
2
3
2
1
2
3
3
3
2
4
3
3
3
2
4
2
3
-309.624701547819
1
3
2
3
3
3
2
3
1
2
3
2
3
3
3
1
4
-319.778200030803
1
4
2
4
1
3
2
2
4
4
2
2
4
4
1
1
4
-287.913730898424
1
3
1
3
1
3
2
2
2
3
1
2
4
3
2
4
2
-282.567389258393
2
2
1
2
2
1
3
3
1
3
4
1
3
2
2
2
2
-338.833872666306
4
1
3
4
4
1
4
4
2
2
3
4
1
4
3
2
1
-347.328823464257
2
3
4
1
1
1
4
1
2
2
1
3
2
3
2
3
2
-357.771353686578
2
2
1
4
1
2
4
4
2
1
4
4
2
4
1
1
1
-326.764612338685
1
3
3
3
1
2
2
4
3
1
1
4
1
4
3
1
3
-305.033946672661
3
1
3
3
1
2
1
2
3
4
1
2
1
1
2
2
2
-299.277892751484
2
3
4
2
4
2
4
3
4
1
3
3
3
2
2
3
1
-345.222642039959
3
2
4
3
2
1
4
3
4
2
2
4
3
1
4
3
2
-321.745137695681
1
4
1
2
4
1
4
2
4
2
3
1
2
2
2
3
2
-314.542964506089
3
3
1
3
2
3
1
1
1
2
3
4
2
3
1
3
3
-272.903062062185
1
2
3
3
2
1
2
2
3
2
1
3
4
2
2
4
4
-335.221065641552
3
2
4
2
4
2
2
1
4
2
4
4
3
3
3
2
1
-332.268553516839
1
3
4
1
1
3
2
1
3
4
3
1
2
1
1
1
4
-323.036568711754
1
2
3
2
4
1
4
3
3
2
4
3
4
2
3
1
4
-309.359214522391
1
3
1
1
1
3
1
1
2
1
2
4
3
3
2
1
2
-315.248010867489
2
4
4
2
4
1
2
1
2
3
1
2
3
2
1
2
2
-334.051359920667
4
2
3
2
2
3
1
1
3
4
3
1
3
4
4
4
3
-339.865500676503
3
1
3
1
2
4
4
1
1
4
3
3
2
3
1
4
4
-314.231687763746
3
4
1
2
3
2
3
1
4
2
3
4
2
2
2
3
3
-306.576922950703
4
2
1
3
2
2
3
4
2
1
2
2
1
2
1
4
3
-322.573766423344
4
4
4
3
1
4
2
3
2
2
1
2
4
1
2
1
1
-318.557010577336
3
3
1
3
4
2
4
3
3
2
2
3
4
3
3
1
2
-364.91932429175
3
1
4
4
2
4
1
2
4
1
3
3
1
2
1
4
1
-322.061421206575
2
4
2
2
4
3
4
3
3
4
3
2
3
3
4
3
3
-290.868905786016
1
3
2
4
4
3
4
1
1
3
3
2
3
2
2
2
3
-356.40718023467
2
3
4
3
2
4
1
2
1
4
4
4
1
2
1
2
4
-340.684691929516
1
2
1
1
3
4
3
1
1
3
2
3
4
3
3
1
4
-326.015092262043
1
4
1
4
2
1
4
4
3
2
3
1
1
2
2
2
3
-332.988348604422
1
2
2
1
2
2
3
2
4
4
4
3
2
1
3
3
3
-313.094783467799
4
1
3
2
4
2
4
2
3
3
4
3
1
4
3
2
2
-309.988288206444
1
1
1
1
4
2
3
1
3
2
3
1
3
2
1
1
4
-367.916656485833
4
4
1
4
4
2
2
1
4
4
1
3
1
2
3
2
3
-316.671608872432
3
3
2
4
3
3
3
3
4
3
1
1
1
4
3
2
2
-320.999230938041
4
2
2
3
2
3
4
3
2
1
3
2
2
2
1
2
4
-319.373789316676
1
4
1
1
1
2
3
2
2
1
4
3
1
1
4
2
4
-318.951872120121
4
1
3
1
4
3
3
3
2
2
4
4
3
3
3
4
2
-343.559717441622
2
4
3
4
1
4
4
4
4
2
3
3
3
1
2
4
1
-312.251346536199
1
3
4
3
1
2
4
1
2
2
2
4
1
3
3
4
4
-311.90805199992
3
3
3
4
2
4
4
2
2
3
1
1
3
3
3
4
2
-334.510610850072
3
3
3
1
1
1
3
4
3
2
1
3
4
3
2
3
2
-300.255077429701
2
4
2
2
4
2
3
4
3
1
3
4
2
2
2
2
1
-336.657144653698
3
2
4
4
1
4
2
3
1
4
2
4
4
4
2
2
3
-354.876415782981
1
3
2
4
3
3
1
3
3
1
3
1
3
2
1
1
4
-308.790246809067
4
3
4
1
1
2
1
1
2
2
2
3
3
3
3
1
3
-329.255727589748
4
2
3
1
1
3
1
1
1
1
3
1
4
1
2
3
1
-326.063303468085
2
1
2
3
1
3
1
4
2
1
4
2
2
2
2
3
1
-345.256991585334
1
3
2
1
2
1
1
4
1
2
3
3
3
3
1
3
3
-328.413617266326
4
3
1
2
1
1
3
1
4
2
4
3
4
4
4
2
2
-324.712632840346
3
1
2
3
4
3
4
1
3
3
2
3
1
1
1
2
2
-309.022172647491
1
2
3
2
4
2
2
3
2
3
2
2
2
1
3
2
3
-287.510920028258
2
4
2
2
3
2
4
3
1
4
2
3
3
4
4
2
2
-382.420012369914
1
4
3
4
4
2
4
1
1
1
4
2
4
2
2
4
1
-343.67459506304
1
1
3
4
1
2
3
4
1
1
3
3
3
1
1
4
3
-324.606521812058
3
2
2
3
1
1
3
1
3
1
4
4
4
2
3
2
1
-334.087802275831
2
3
2
3
2
4
4
2
4
2
2
3
4
3
2
4
1
-315.859856954553
1
3
1
2
1
3
2
4
4
1
4
2
4
1
3
3
2
-311.349591317651
1
4
4
1
2
3
1
2
3
3
2
3
4
2
3
4
3
-311.821355362604
4
2
3
2
4
1
2
4
1
3
3
4
3
2
4
4
2
-335.241208541915
2
1
1
4
3
4
2
4
2
2
4
4
2
3
4
4
3
-348.078802739415
1
1
1
1
1
4
1
2
4
4
3
1
2
3
1
2
2
-333.645232255403
4
4
2
1
1
1
4
1
3
4
4
3
1
3
3
1
3
-349.623857089456
2
1
4
3
3
1
2
1
2
1
1
4
1
1
3
2
1
-342.252156706417
2
4
1
2
3
2
4
4
1
1
3
2
4
4
3
4
2
-313.617391916454
3
3
2
3
1
3
3
1
4
2
1
4
3
2
2
3
1
-322.411976017831
4
1
1
3
4
3
1
1
1
2
3
4
3
2
4
2
2
-330.53351793386
1
3
4
4
2
1
1
3
4
3
4
1
3
2
3
3
1
-283.221930621641
2
4
2
3
1
2
2
1
1
2
1
2
2
2
4
2
3
-336.599769770377
1
2
1
2
3
1
3
2
3
1
3
3
4
4
4
2
1
-336.826039045732
3
4
3
2
2
1
4
4
2
4
1
2
4
1
4
3
4
-359.269627617214
2
4
3
3
3
1
4
1
4
1
1
1
3
4
3
3
3
-341.0219986411
4
3
3
3
1
4
4
3
4
1
3
2
1
2
3
3
3
-334.608881299363
4
1
3
3
2
4
1
3
4
1
3
4
1
1
1
4
2
-336.942542063549
1
4
4
4
3
1
3
2
2
1
1
3
1
4
1
3
1
-338.766070450666
4
2
1
4
2
4
4
1
3
3
1
2
2
2
4
1
1
-333.32869785056
1
3
1
3
2
3
3
4
3
3
2
2
1
2
2
3
1
-354.221761789677
1
3
1
4
3
4
2
1
3
4
1
3
4
3
1
3
4
-359.821918433715
2
1
1
2
4
4
3
1
2
4
2
1
3
2
1
3
2
-301.66759840239
4
1
3
2
2
2
4
3
1
2
2
1
4
4
1
3
2
-347.507690112153
3
2
1
4
4
1
1
3
1
4
4
2
2
4
4
3
4
-335.666675783363
1
1
1
3
3
4
4
4
4
1
1
4
4
3
3
3
2
-334.524241236287
3
4
2
1
3
3
4
1
4
1
1
2
4
1
1
3
3
-316.279530463081
2
1
1
4
3
4
2
4
2
2
2
3
1
3
2
3
4
-367.801872095613
1
3
3
3
1
4
4
2
1
4
3
1
1
3
4
2
1
-342.881684921965
4
1
4
2
1
3
1
3
4
3
4
1
2
4
2
2
2
-336.715119992209
2
3
3
2
4
4
1
2
2
3
3
4
4
4
4
1
3
-317.926885881027
1
3
1
3
3
3
4
2
4
1
1
4
1
4
4
3
2
-292.322973947039
3
1
3
2
4
4
3
3
1
2
4
2
1
3
3
2
2
-334.087740940531
1
2
2
3
1
4
4
2
1
4
1
2
3
2
2
3
3
-317.392719718116
1
3
3
3
4
3
4
1
3
4
1
4
2
2
2
2
4
-301.508570268986
2
2
3
3
3
1
3
4
2
3
1
1
1
2
2
2
4
-336.00086989961
3
2
3
1
2
3
1
4
3
4
3
4
2
4
3
4
1
-344.714068348516
1
3
4
4
1
1
4
1
2
2
4
2
1
3
4
3
3
-330.407614172211
3
4
1
3
2
2
3
3
4
1
3
2
1
1
1
1
4
-338.436523198743
4
3
3
2
1
3
3
2
4
4
2
1
1
3
2
2
4
-310.884247651978
2
4
1
1
2
3
4
3
1
2
3
1
4
3
2
3
2
-308.714060468575
3
4
1
2
2
3
4
2
3
4
1
2
3
3
3
3
2
-312.200675326705
3
4
2
3
2
2
3
3
1
4
4
1
1
4
3
2
4
-349.14284999925
4
1
3
2
2
3
4
3
3
1
1
3
1
2
4
3
4
-368.826009737721
1
1
4
3
3
2
2
4
3
1
1
1
1
1
1
4
3
-316.037519092935
3
4
1
1
1
3
3
2
3
4
4
1
3
3
2
2
3
-311.777957992045
2
3
1
4
4
2
2
2
1
2
4
2
1
3
3
3
2
-314.414972994557
2
4
2
1
1
1
2
1
3
1
2
4
4
3
3
2
1
-344.571295485971
2
4
1
1
4
2
2
3
4
2
2
2
2
4
2
2
3
-278.147219650318
1
3
2
2
3
3
2
1
1
3
3
4
3
3
1
4
4
-316.216070148566
2
2
4
4
1
1
2
4
3
3
4
3
3
3
1
3
3
-317.862992703834
1
4
2
3
1
4
3
4
1
2
1
2
1
2
2
3
4
-327.008751993858
4
3
1
3
2
1
4
4
4
1
2
2
3
4
4
2
4
-356.489286447007
4
2
1
2
3
1
2
2
1
1
4
4
2
4
2
1
3
-354.564753525722
2
1
3
4
4
1
1
2
1
4
3
3
1
1
3
3
2
-336.124534142666
4
3
2
3
1
4
4
1
1
2
3
1
3
2
4
4
2
-332.904425144255
2
4
1
3
4
4
4
1
3
2
2
1
3
2
4
1
1
-312.037858969023
4
4
2
4
2
4
1
2
2
3
2
2
3
4
1
1
2
-313.724475353299
1
1
3
1
3
2
2
3
4
3
3
3
1
4
3
4
4
-294.983682826357
2
1
1
2
4
2
2
2
1
3
2
4
3
1
3
2
2
-336.451868280434
3
1
1
1
2
1
2
4
3
4
4
1
3
1
4
4
2
-315.144950852898
4
4
2
2
2
1
4
4
3
2
1
4
1
1
2
4
1
-322.589225304514
2
1
4
3
3
1
2
3
1
4
1
2
2
4
1
2
1
-328.089028488558
3
3
3
3
3
3
2
1
1
4
2
3
1
3
2
4
3
-329.959981745528
2
2
1
4
2
3
2
1
4
3
4
3
1
3
1
2
3
-325.252880328087
3
2
4
4
3
3
2
4
3
2
3
4
3
1
4
1
2
-320.27789790836
3
1
1
3
1
3
1
3
3
3
4
4
4
2
3
2
2
-340.113580345047
1
4
3
2
3
3
4
4
4
2
2
4
2
1
2
1
1
-316.16349112535
3
3
2
2
1
3
1
1
1
3
3
3
1
1
1
1
3
-310.963028874355
2
4
1
3
2
3
2
4
3
2
1
2
1
1
3
1
2
-309.905881616783
2
4
3
2
2
1
4
4
1
2
1
1
1
1
1
2
1
-329.051125024385
2
4
3
4
4
4
2
1
3
1
3
2
1
2
1
2
3
-323.685101302892
1
4
2
4
1
2
4
2
2
3
2
1
3
4
3
1
4
-330.340466978574
3
2
1
1
2
2
4
4
3
2
1
4
1
1
3
1
1
-342.570231146133
1
1
3
2
2
4
4
1
3
4
2
1
3
1
2
4
4
-326.113363600909
1
1
4
2
1
4
4
3
3
2
3
1
2
1
4
2
1
-320.457193974473
4
3
2
4
1
2
4
4
4
4
1
4
1
3
1
1
2
-330.94084493147
3
3
2
4
3
2
3
4
1
1
2
3
2
2
4
4
4
-315.388706690644
2
1
4
2
4
4
2
2
3
1
4
3
2
3
3
4
2
-312.835475809496
2
4
2
4
2
2
1
4
1
1
2
2
4
3
2
3
4
-304.497078273447
1
1
2
3
3
1
1
1
4
3
1
4
3
4
3
3
3
-337.291034544438
3
1
4
1
3
3
2
2
1
2
2
1
1
3
2
4
2
-330.719896457653
4
1
2
1
3
3
3
3
4
1
4
3
2
4
4
1
2
-331.568317203979
4
1
4
3
3
2
3
1
4
2
2
2
1
1
1
2
1
-304.269537275279
1
2
3
2
2
3
2
2
3
2
2
3
2
1
3
4
2
-319.86002931614
3
1
2
1
1
2
3
4
1
1
1
2
3
4
2
4
2
-330.403122798975
3
4
1
4
3
1
3
4
2
4
3
4
4
1
3
4
1
-319.222172755519
3
4
3
3
1
4
4
3
3
3
4
3
1
1
1
4
1
-322.732712207501
3
2
2
2
2
4
2
4
4
4
2
4
3
3
3
1
2
-319.722494994329
1
2
2
1
1
1
3
2
1
1
1
1
1
1
2
4
4
-319.549332783533
2
3
4
3
1
3
1
4
2
3
4
4
3
2
3
2
2
-326.382703377965
1
4
4
2
1
3
2
1
3
2
1
2
4
2
4
3
3
-310.632068730296
3
4
3
2
1
2
1
1
1
3
3
1
3
1
3
1
4
-353.806998913844
4
2
3
1
2
3
1
1
3
4
2
3
4
4
1
4
3
-347.507003262276
3
4
3
3
2
4
4
4
3
4
2
2
2
3
1
4
3
-317.331997693648
2
3
2
3
3
3
3
4
2
4
1
4
3
3
1
2
2
-327.850875838044
3
1
2
4
3
3
3
4
2
2
2
3
3
2
2
2
3
-312.714234643139
1
2
4
1
2
2
2
1
4
2
3
3
4
2
2
3
4
-339.08199006716
1
2
4
4
3
3
4
3
4
2
1
2
2
2
1
1
1
-319.108759591688
3
4
2
1
2
2
2
3
3
3
1
2
4
3
2
2
4
-345.449146849894
4
3
4
4
3
4
1
1
1
2
2
1
1
1
2
1
2
-289.601201391537
2
4
2
2
4
3
4
3
2
3
1
2
4
4
2
3
1
-322.539474040138
3
1
4
3
2
4
3
3
2
1
2
2
2
2
3
3
2
-317.803780575411
1
3
2
4
4
1
4
2
1
4
1
1
3
3
4
1
2
-316.591839480768
1
2
2
3
2
1
2
2
4
2
3
1
4
2
3
1
1
-306.762451801794
3
4
3
4
2
2
3
3
2
2
4
1
2
2
1
4
2
-326.009735588361
1
2
1
1
2
1
2
2
4
2
3
3
2
4
3
2
4
-338.546214256023
3
4
1
2
4
1
2
1
4
4
2
3
3
2
3
3
4
-351.762949997194
2
2
2
1
2
4
3
2
2
4
4
4
1
3
1
2
3
-308.698465779064
3
2
2
2
4
2
4
1
1
4
4
1
4
4
2
4
1
-299.781220892093
4
2
2
3
1
1
2
4
1
2
3
3
4
3
2
1
4
-325.880120093369
1
1
4
3
2
1
2
1
4
4
3
2
3
3
4
2
3
-315.955415836305
4
1
2
2
4
2
2
4
2
3
1
1
1
2
4
1
2
-324.051771183625
4
1
4
2
2
3
2
3
3
1
3
1
3
2
4
4
4
-326.449443069055
3
4
1
4
4
1
2
3
2
3
4
3
3
3
3
2
2
-311.194415631612
1
3
2
2
4
4
4
3
4
4
3
1
2
4
4
3
3
-338.99460155851
1
4
1
4
2
1
2
4
1
2
4
2
3
4
4
2
1
-312.278511042129
1
1
3
4
3
4
2
2
3
4
2
4
4
2
1
2
3
-356.972957377064
4
3
1
1
4
4
2
2
2
4
1
4
2
3
4
1
1
-344.50552451069
1
3
3
2
3
4
2
4
4
2
3
4
2
4
1
2
3
-335.24176309053
4
1
2
3
2
2
3
3
2
2
1
3
4
4
3
1
3
-350.773689503133
1
4
2
1
1
3
2
3
1
4
1
4
1
1
1
2
3
-344.520439709602
1
2
1
2
4
2
1
4
4
4
3
3
4
1
2
1
2
-325.624342812555
3
1
2
4
4
2
4
3
1
2
1
3
3
1
2
4
3
-303.888589329782
2
1
2
2
1
1
2
1
2
3
1
2
3
4
1
1
2
-320.397891934201
1
2
2
3
4
3
2
3
4
2
2
1
4
2
1
1
1
-355.194743991265
4
4
1
1
3
1
2
2
1
1
4
3
4
2
3
4
4
-356.349247148697
4
4
1
4
3
4
3
4
4
1
3
1
1
1
2
3
2
-329.832878479462
4
4
2
3
1
3
4
2
3
2
4
4
3
3
1
4
1
-345.729485973343
1
4
3
1
4
4
1
3
4
3
2
1
4
3
4
2
2
-338.892689639722
2
2
1
2
3
1
4
3
2
1
2
2
1
4
3
2
1
-355.229760068136
1
4
1
1
2
3
1
4
1
1
4
2
3
1
2
2
4
-307.066039600236
2
1
4
1
3
2
2
4
4
2
4
1
3
3
1
3
3
-359.818930312402
1
3
1
1
2
4
3
4
1
4
3
4
1
1
3
3
2
-308.54846891071
4
4
1
3
1
1
2
3
1
2
1
2
2
4
2
2
4
-309.602378361485
2
1
2
4
4
4
4
1
1
1
4
2
3
2
3
1
3
-375.310415315523
2
1
2
4
4
1
3
3
1
1
2
1
4
4
3
4
1
-373.768601977066
2
3
1
1
1
2
3
4
4
4
3
4
4
3
4
1
1
-339.008119368937
4
2
3
2
2
4
4
2
4
4
4
4
2
2
4
1
2
-337.081894908242
3
3
4
4
1
4
2
2
3
4
4
3
2
4
3
2
4
-328.648071765716
4
4
1
2
3
3
3
1
4
3
4
3
3
4
2
3
1
-327.115410506854
3
2
2
1
2
3
2
4
1
4
3
4
2
2
2
1
4
-344.727608435918
1
4
4
3
4
4
4
1
3
4
1
1
2
3
4
3
3
-343.140303031728
2
1
1
1
1
4
4
3
4
4
3
4
1
3
3
2
3
-346.044821526409
1
3
4
1
2
2
1
3
3
1
3
3
2
2
4
1
4
-326.621529901255
1
4
2
1
1
3
3
1
3
4
1
4
1
4
2
1
3
-340.753783620515
1
2
1
3
1
2
4
1
1
3
1
4
1
2
1
3
4
-317.031713148557
2
3
2
2
2
2
1
2
3
4
3
4
3
4
2
2
2
-272.305408749435
3
4
3
3
1
4
4
1
1
2
4
2
3
1
2
1
4
-293.858015317349
3
1
2
2
2
4
1
2
2
1
4
3
1
2
2
4
4
